{
{ 
{0.00000000000000000,0.00000000000000000},
pped[
{ 
0.00000000000000000, 
10.00000000000000000, 
0.00000000000000000
},
{ 
{1.00000000000000000, 0.00000000000000000, 0.00000000000000000},
{0.00000000000000000, 1.00000000000000000, 0.00000000000000000},
{0.00000000000000000, 0.00000000000000000, 1.00000000000000000}
},
{
{-0.00000000000000000,0.00000000000000000}, 
{-0.00000000000000000,0.00000000000000000}, 
{-0.00000000000000000,0.00000000000000000}
}
]
}
,
{ 
{0.00000000000000000,0.89442709099991602},
box[{
{0.00000000000000000,0.89442709099991602}, 
{9.60000008944271244,10.00000000000000000}, 
{-0.89442709099991602,0.00000000000000000}}]
}
,
{ 
{0.89442709099991602,1.78885418199983204},
box[{
{0.89442709099991602,1.78885418199983204}, 
{8.40000035777085508,9.60000008944271421}, 
{-1.78885418199983204,-0.89442709099991602}}]
}
,
{ 
{1.78885418199983204,2.68328127299974817},
box[{
{1.78885418199983204,2.68328127299974817}, 
{6.40000080498442525,8.40000035777085685}, 
{-2.68328127299974817,-1.78885418199983204}}]
}
,
{ 
{2.68328127299974817,3.57770836399966408},
box[{
{2.68328127299974817,3.57770836399966408}, 
{3.60000143108342296,6.40000080498442614}, 
{-3.57770836399966408,-2.68328127299974817}}]
}
,
{ 
{3.57770836399966408,4.47213545499958087},
box[{
{3.57770836399966408,4.47213545499958087}, 
{0.00000223606784466,3.60000143108342385}, 
{-4.47213545499958087,-3.57770836399966408}}]
}
,
{ 
{4.47213595499957961,4.47213595499957961},
pped[
{ 
4.47213595499957961, 
0.00000000000000287, 
4.47213595499957872
},
{ 
{1.00000000000000000, 0.00000000000000000, 0.00000000000000000},
{0.00000000000000000, -0.91287092917527646, -0.40824829046386724},
{0.00000000000000000, 0.40824829046386285, -0.91287092917527479}
},
{
{-0.00000000000000089,0.00000000000000089}, 
{-0.00000000000000461,0.00000000000000461}, 
{-0.00000000000000271,0.00000000000000271}
}
]
}
,
{ 
{4.47213595499957961,5.46594384499948749},
box[{
{4.47213595499957872,5.46594384499948838}, 
{-0.00000000000000685,4.44444399723086825}, 
{3.47832806499966640,4.47213595499958316}}]
}
,
{ 
{5.46594384499948749,6.45975173499939537},
box[{
{5.46594384499948660,6.45975173499939626}, 
{3.45678987500477364,7.90123387223565743}, 
{2.48452017499975852,3.47832806499967528}}]
}
,
{ 
{6.45975173499939537,7.45355962499930325},
box[{
{6.45975173499939448,7.45355962499930413}, 
{5.92592562778348508,10.37036962501437998}, 
{1.49071228499985065,2.48452017499976741}}]
}
,
{ 
{7.45355962499930325,8.44736751499921112},
box[{
{7.45355962499930236,8.44736751499921290}, 
{7.40740725833612768,11.85185125556703056}, 
{0.49690439499994277,1.49071228499985953}}]
}
,
{ 
{8.44736751499921112,9.44117540499911989},
box[{
{8.44736751499920935,9.44117540499912167}, 
{7.90123476666270186,12.34567876389361452}, 
{-0.49690349499996511,0.49690439499995165}}]
}
,
{ 
{9.44117540499911811,10.43498329499902688},
box[{
{9.44117540499911634,10.43498329499902866}, 
{7.40740815276320674,11.85185214999412651}, 
{-1.49071138499987299,-0.49690349499995623}}]
}
,
{ 
{10.43498329499902688,11.42879118499893565},
box[{
{10.43498329499902511,11.42879118499893742}, 
{5.92592741663764233,10.37037141386857364}, 
{-2.48451927499978087,-1.49071138499986411}}]
}
,
{ 
{11.42879118499893387,12.42259907499884264},
box[{
{11.42879118499893210,12.42259907499884442}, 
{3.45679255828600995,7.90123655551694704}, 
{-3.47832716499968875,-2.48451927499977199}}]
}
,
{ 
{12.42259907499884264,13.41640696499875141},
box[{
{12.42259907499884086,13.41640696499875318}, 
{0.00000357770830479,4.44444757493925469}, 
{-4.47213505499959751,-3.47832716499967987}}]
}
,
{ 
{13.41640786499874949,13.41640786499874949},
pped[
{ 
13.41640786499874949, 
0.00000000000005054, 
4.47213595499956806
},
{ 
{1.00000000000000000, 0.00000000000000000, 0.00000000000000000},
{0.00000000000000000, -0.95831484749990992, -0.28571428571427210},
{0.00000000000000000, 0.28571428571428498, -0.95831484749991358}
},
{
{-0.00000000000000266,0.00000000000000266}, 
{-0.00000000000004581,0.00000000000004581}, 
{-0.00000000000000492,0.00000000000000492}
}
]
}
,
{ 
{13.41640786499874949,14.41021575499866181},
box[{
{13.41640786499874594,14.41021575499866536}, 
{-0.00000000000001330,4.44444399723097217}, 
{3.47832806499963842,4.47213595499958672}}]
}
,
{ 
{14.41021575499866003,15.40402364499857235},
box[{
{14.41021575499865648,15.40402364499857590}, 
{3.45678987500474921,7.90123387223577289}, 
{2.48452017499972744,3.47832806499967617}}]
}
,
{ 
{15.40402364499857057,16.39783153499848467},
box[{
{15.40402364499856702,16.39783153499848822}, 
{5.92592562778343623,10.37036962501450255}, 
{1.49071228499981645,2.48452017499976519}}]
}
,
{ 
{16.39783153499848112,17.39163942499839521},
box[{
{16.39783153499847757,17.39163942499839877}, 
{7.40740725833605129,11.85185125556715136}, 
{0.49690439499990591,1.49071228499985375}}]
}
,
{ 
{17.39163942499839166,18.38544731499830576},
box[{
{17.39163942499838811,18.38544731499830931}, 
{7.90123476666258906,12.34567876389372820}, 
{-0.49690349500000508,0.49690439499994321}}]
}
,
{ 
{18.38544731499830220,19.37925520499821630},
box[{
{18.38544731499829865,19.37925520499821985}, 
{7.40740815276305220,11.85185214999422953}, 
{-1.49071138499991651,-0.49690349499996778}}]
}
,
{ 
{19.37925520499821275,20.37306309499812684},
box[{
{19.37925520499820919,20.37306309499813040}, 
{5.92592741663744160,10.37037141386865180}, 
{-2.48451927499982705,-1.49071138499987921}}]
}
,
{ 
{20.37306309499812329,21.36687098499803739},
box[{
{20.37306309499811974,21.36687098499804094}, 
{3.45679255828575771,7.90123655551700121}, 
{-3.47832716499973760,-2.48451927499978975}}]
}
,
{ 
{21.36687098499803383,22.36067887499794793},
box[{
{21.36687098499803028,22.36067887499795148}, 
{0.00000357770799470,4.44444757493927955}, 
{-4.47213505499964903,-3.47832716499970029}}]
}
,
{ 
{22.36067977499794779,22.36067977499794779},
pped[
{ 
22.36067977499794779, 
0.00000000000022928, 
4.47213595499952810
},
{ 
{1.00000000000000000, 0.00000000000000000, 0.00000000000000000},
{0.00000000000000000, -0.96583426160782038, -0.25916052767439429},
{0.00000000000000000, 0.25916052767440423, -0.96583426160782315}
},
{
{-0.00000000000000622,0.00000000000000622}, 
{-0.00000000000013387,0.00000000000013387}, 
{-0.00000000000000864,0.00000000000000864}
}
]
}
,
{ 
{22.36067977499794779,23.35448766499786188},
box[{
{22.36067977499794068,23.35448766499786899}, 
{0.00000000000005449,4.44444399723123684}, 
{3.47832806499957048,4.47213595499957162}}]
}
,
{ 
{23.35448766499785833,24.34829555499777598},
box[{
{23.35448766499785123,24.34829555499778309}, 
{3.45678987500476076,7.90123387223603135}, 
{2.48452017499965638,3.47832806499965796}}]
}
,
{ 
{24.34829555499777243,25.34210344499769008},
box[{
{24.34829555499776532,25.34210344499769718}, 
{5.92592562778338561,10.37036962501474768}, 
{1.49071228499974229,2.48452017499974387}}]
}
,
{ 
{25.34210344499769008,26.33591133499760417},
box[{
{25.34210344499768297,26.33591133499761128}, 
{7.40740725833593139,11.85185125556737518}, 
{0.49690439499982864,1.49071228499982933}}]
}
,
{ 
{26.33591133499760062,27.32971922499751827},
box[{
{26.33591133499759351,27.32971922499752537}, 
{7.90123476666239366,12.34567876389392715}, 
{-0.49690349500008590,0.49690439499991568}}]
}
,
{ 
{27.32971922499751827,28.32352711499743236},
box[{
{27.32971922499751116,28.32352711499743947}, 
{7.40740815276277598,11.85185214999439474}, 
{-1.49071138500000000,-0.49690349499999886}}]
}
,
{ 
{28.32352711499743236,29.31733500499734646},
box[{
{28.32352711499742526,29.31733500499735356}, 
{5.92592741663707656,10.37037141386878147}, 
{-2.48451927499991410,-1.49071138499991296}}]
}
,
{ 
{29.31733500499734646,30.31114289499726056},
box[{
{29.31733500499733935,30.31114289499726766}, 
{3.45679255828529897,7.90123655551708381}, 
{-3.47832716499982730,-2.48451927499982705}}]
}
,
{ 
{30.31114289499725700,31.30495078499717465},
box[{
{30.31114289499724990,31.30495078499718176}, 
{0.00000357770743403,4.44444757493931331}, 
{-4.47213505499974229,-3.47832716499974026}}]
}
,
{ 
{31.30495168499717451,31.30495168499717451},
pped[
{ 
31.30495168499717451, 
0.00000000000053513, 
4.47213595499945971
},
{ 
{1.00000000000000000, 0.00000000000000000, 0.00000000000000000},
{0.00000000000000000, -0.96886393162696882, -0.24759378423605011},
{0.00000000000000000, 0.24759378423605855, -0.96886393162697093}
},
{
{-0.00000000000000977,0.00000000000000977}, 
{-0.00000000000027994,0.00000000000027994}, 
{-0.00000000000001172,0.00000000000001172}
}
]
}
,
{ 
{31.30495168499717451,32.29875957499709926},
box[{
{31.30495168499716385,32.29875957499711348}, 
{0.00000000000018068,4.44444399723167294}, 
{3.47832806499946079,4.47213595499954053}}]
}
,
{ 
{32.29875957499709216,33.29256746499701336},
box[{
{32.29875957499707795,33.29256746499702757}, 
{3.45678987500479229,7.90123387223644613}, 
{2.48452017499954270,3.47832806499962244}}]
}
,
{ 
{33.29256746499700625,34.28637535499693456},
box[{
{33.29256746499699204,34.28637535499694877}, 
{5.92592562778331455,10.37036962501512960}, 
{1.49071228499962460,2.48452017499970434}}]
}
,
{ 
{34.28637535499692746,35.28018324499684866},
box[{
{34.28637535499691325,35.28018324499686287}, 
{7.40740725833574754,11.85185125556772689}, 
{0.49690439499970651,1.49071228499978625}}]
}
,
{ 
{35.28018324499684155,36.27399113499676986},
box[{
{35.28018324499682734,36.27399113499678407}, 
{7.90123476666209168,12.34567876389423091}, 
{-0.49690349500021203,0.49690439499986816}}]
}
,
{ 
{36.27399113499676275,37.26779902499668395},
box[{
{36.27399113499674854,37.26779902499669817}, 
{7.40740815276234699,11.85185214999464343}, 
{-1.49071138500012967,-0.49690349500005038}}]
}
,
{ 
{37.26779902499667685,38.26160691499660516},
box[{
{37.26779902499666264,38.26160691499661937}, 
{5.92592741663651079,10.37037141386897154}, 
{-2.48451927500004821,-1.49071138499996803}}]
}
,
{ 
{38.26160691499659805,39.25541480499651925},
box[{
{38.26160691499658384,39.25541480499653346}, 
{3.45679255828458976,7.90123655551720461}, 
{-3.47832716499996586,-2.48451927499988656}}]
}
,
{ 
{39.25541480499651925,40.24922269499644045},
box[{
{39.25541480499650504,40.24922269499645466}, 
{0.00000357770657161,4.44444757493935505}, 
{-4.47213505499988528,-3.47832716499980421}}]
}
,
{ 
{40.24922359499643676,40.24922359499643676},
pped[
{ 
40.24922359499643676, 
0.00000000000099986, 
4.47213595499935579
},
{ 
{1.00000000000000000, 0.00000000000000000, 0.00000000000000000},
{0.00000000000000000, -0.97049495883095138, -0.24112141108517934},
{0.00000000000000000, 0.24112141108518287, -0.97049495883095216}
},
{
{-0.00000000000001688,0.00000000000001688}, 
{-0.00000000000048958,0.00000000000048958}, 
{-0.00000000000001823,0.00000000000001823}
}
]
}
,
{ 
{40.24922359499643676,41.24303148499636507},
box[{
{40.24922359499641544,41.24303148499638638}, 
{0.00000000000038528,4.44444399723232042}, 
{3.47832806499929559,4.47213595499949168}}]
}
,
{ 
{41.24303148499635796,42.23683937499628627},
box[{
{41.24303148499633664,42.23683937499630758}, 
{3.45678987500485313,7.90123387223706075}, 
{2.48452017499937172,3.47832806499956781}}]
}
,
{ 
{42.23683937499627916,43.23064726499621457},
box[{
{42.23683937499625785,43.23064726499623589}, 
{5.92592562778321952,10.37036962501570159}, 
{1.49071228499944741,2.48452017499964350}}]
}
,
{ 
{43.23064726499620747,44.22445515499613578},
box[{
{43.23064726499618615,44.22445515499615709}, 
{7.40740725833548730,11.85185125556823493}, 
{0.49690439499952355,1.49071228499971919}}]
}
,
{ 
{44.22445515499612867,45.21826304499606408},
box[{
{44.22445515499610735,45.21826304499608540}, 
{7.90123476666165114,12.34567876389467322}, 
{-0.49690349500040121,0.49690439499979533}}]
}
,
{ 
{45.21826304499605698,46.21207093499598528},
box[{
{45.21826304499603566,46.21207093499600660}, 
{7.40740815276171638,11.85185214999500403}, 
{-1.49071138500032507,-0.49690349500012942}}]
}
,
{ 
{46.21207093499597818,47.20587882499590648},
box[{
{46.21207093499595686,47.20587882499592780}, 
{5.92592741663567857,10.37037141386923800}, 
{-2.48451927500024894,-1.49071138500005329}}]
}
,
{ 
{47.20587882499589938,48.19968671499583479},
box[{
{47.20587882499587806,48.19968671499585611}, 
{3.45679255828354215,7.90123655551736803}, 
{-3.47832716500017280,-2.48451927499997716}}]
}
,
{ 
{48.19968671499582769,49.19349460499575599},
box[{
{48.19968671499580637,49.19349460499577731}, 
{0.00000357770530037,4.44444757493939946}, 
{-4.47213505500009756,-3.47832716499990102}}]
}
,
{ 
{49.19349550499575230,49.19349550499575230},
pped[
{ 
49.19349550499575230, 
0.00000000000170291, 
4.47213595499919858
},
{ 
{1.00000000000000000, 0.00000000000000000, 0.00000000000000000},
{0.00000000000000000, -0.97151312575289539, -0.23698575165995917},
{0.00000000000000000, 0.23698575165996466, -0.97151312575289672}
},
{
{-0.00000000000002398,0.00000000000002398}, 
{-0.00000000000078915,0.00000000000078915}, 
{-0.00000000000002395,0.00000000000002395}
}
]
}
,
{ 
{49.19349550499575230,50.18730339499568771},
box[{
{49.19349550499572388,50.18730339499571613}, 
{0.00000000000072138,4.44444399723326367}, 
{3.47832806499905756,4.47213595499940908}}]
}
,
{ 
{50.18730339499568061,51.18111128499561602},
box[{
{50.18730339499565218,51.18111128499564444}, 
{3.45678987500497481,7.90123387223793650}, 
{2.48452017499912703,3.47832806499947900}}]
}
,
{ 
{51.18111128499560891,52.17491917499554432},
box[{
{51.18111128499558049,52.17491917499557275}, 
{5.92592562778311382,10.37036962501649917}, 
{1.49071228499919650,2.48452017499954847}}]
}
,
{ 
{52.17491917499553722,53.16872706499547974},
box[{
{52.17491917499550880,53.16872706499550816}, 
{7.40740725833514180,11.85185125556894015}, 
{0.49690439499926642,1.49071228499961750}}]
}
,
{ 
{53.16872706499547263,54.16253495499540804},
box[{
{53.16872706499544421,54.16253495499543646}, 
{7.90123476666105429,12.34567876389527363}, 
{-0.49690349500066411,0.49690439499968742}}]
}
,
{ 
{54.16253495499540094,55.15634284499533635},
box[{
{54.16253495499537252,55.15634284499536477}, 
{7.40740815276085218,11.85185214999549075}, 
{-1.49071138500059508,-0.49690349500024311}}]
}
,
{ 
{55.15634284499532924,56.15015073499527176},
box[{
{55.15634284499530082,56.15015073499530018}, 
{5.92592741663453904,10.37037141386959149}, 
{-2.48451927500052516,-1.49071138500017408}}]
}
,
{ 
{56.15015073499526466,57.14395862499520007},
box[{
{56.15015073499523623,57.14395862499522849}, 
{3.45679255828211129,7.90123655551758119}, 
{-3.47832716500045525,-2.48451927500010417}}]
}
,
{ 
{57.14395862499519296,58.13776651499512838},
box[{
{57.14395862499516454,58.13776651499515680}, 
{0.00000357770356747,4.44444757493945897}, 
{-4.47213505500038622,-3.47832716500003425}}]
}
,
{ 
{58.13776741499512468,58.13776741499512468},
pped[
{ 
58.13776741499512468, 
0.00000000000265223, 
4.47213595499898631
},
{ 
{1.00000000000000000, 0.00000000000000000, 0.00000000000000000},
{0.00000000000000000, -0.97220890584256059, -0.23411502173164297},
{0.00000000000000000, 0.23411502173164936, -0.97220890584256214}
},
{
{-0.00000000000003109,0.00000000000003109}, 
{-0.00000000000117711,0.00000000000117711}, 
{-0.00000000000002925,0.00000000000002925}
}
]
}
,
{ 
{58.13776741499512468,59.13157530499506720},
box[{
{58.13776741499508915,59.13157530499510273}, 
{0.00000000000119823,4.44444399723450445}, 
{3.47832806499874447,4.47213595499929095}}]
}
,
{ 
{59.13157530499506009,60.12538319499500261},
box[{
{59.13157530499502457,60.12538319499503814}, 
{3.45678987500516399,7.90123387223907603}, 
{2.48452017499880728,3.47832806499935421}}]
}
,
{ 
{60.12538319499499551,61.11919108499493802},
box[{
{60.12538319499495998,61.11919108499497355}, 
{5.92592562778300280,10.37036962501752413}, 
{1.49071228499887010,2.48452017499941702}}]
}
,
{ 
{61.11919108499493092,62.11299897499487344},
box[{
{61.11919108499489539,62.11299897499490896}, 
{7.40740725833471547,11.85185125556983898}, 
{0.49690439499893335,1.49071228499947939}}]
}
,
{ 
{62.11299897499486633,63.10680686499481595},
box[{
{62.11299897499483080,63.10680686499485148}, 
{7.90123476666029934,12.34567876389603391}, 
{-0.49690349500100428,0.49690439499954264}}]
}
,
{ 
{63.10680686499480885,64.10061475499475137},
box[{
{63.10680686499477332,64.10061475499479400}, 
{7.40740815275975795,11.85185214999609471}, 
{-1.49071138500094147,-0.49690349500039499}}]
}
,
{ 
{64.10061475499473715,65.09442264499469388},
box[{
{64.10061475499469452,65.09442264499473652}, 
{5.92592741663308775,10.37037141387003025}, 
{-2.48451927500087866,-1.49071138500033218}}]
}
,
{ 
{65.09442264499467967,66.08823053499462219},
box[{
{65.09442264499463704,66.08823053499466482}, 
{3.45679255828029453,7.90123655551783610}, 
{-3.47832716500081496,-2.48451927500026937}}]
}
,
{ 
{66.08823053499460798,67.08203842499456471},
box[{
{66.08823053499456535,67.08203842499460734}, 
{0.00000357770136804,4.44444757493952292}, 
{-4.47213505500075303,-3.47832716500020567}}]
}
,
{ 
{67.08203932499456812,67.08203932499456812},
pped[
{ 
67.08203932499456812, 
0.00000000000391138, 
4.47213595499870475
},
{ 
{1.00000000000000000, 0.00000000000000000, 0.00000000000000000},
{0.00000000000000000, -0.97271437474525690, -0.23200591622616581},
{0.00000000000000000, 0.23200591622616812, -0.97271437474525746}
},
{
{-0.00000000000004530,0.00000000000004530}, 
{-0.00000000000166869,0.00000000000166869}, 
{-0.00000000000004143,0.00000000000004143}
}
]
}
,
{ 
{67.08203932499456812,68.07584721499452485},
box[{
{67.08203932499451128,68.07584721499458169}, 
{0.00000000000185316,4.44444399723612360}, 
{3.47832806499833147,4.47213595499913286}}]
}
,
{ 
{68.07584721499451064,69.06965510499446737},
box[{
{68.07584721499445379,69.06965510499452421}, 
{3.45678987500543666,7.90123387224055840}, 
{2.48452017499838629,3.47832806499918767}}]
}
,
{ 
{69.06965510499445315,70.06346299499440988},
box[{
{69.06965510499439631,70.06346299499446673}, 
{5.92592562778287668,10.37036962501885107}, 
{1.49071228499844111,2.48452017499924249}}]
}
,
{ 
{70.06346299499439567,71.05727088499435240},
box[{
{70.06346299499433883,71.05727088499440924}, 
{7.40740725833417368,11.85185125557100072}, 
{0.49690439499849592,1.49071228499929731}}]
}
,
{ 
{71.05727088499433819,72.05107877499429492},
box[{
{71.05727088499428135,72.05107877499435176}, 
{7.90123476665932856,12.34567876389700380}, 
{-0.49690349500144926,0.49690439499935213}}]
}
,
{ 
{72.05107877499428071,73.04488666499425165},
box[{
{72.05107877499422386,73.04488666499430849}, 
{7.40740815275833953,11.85185214999686742}, 
{-1.49071138500139444,-0.49690349500059305}}]
}
,
{ 
{73.04488666499423744,74.03869455499419416},
box[{
{73.04488666499418059,74.03869455499425101}, 
{5.92592741663120837,10.37037141387058625}, 
{-2.48451927500133962,-1.49071138500053824}}]
}
,
{ 
{74.03869455499417995,75.03250244499413668},
box[{
{74.03869455499412311,75.03250244499419352}, 
{3.45679255827793463,7.90123655551816118}, 
{-3.47832716500128480,-2.48451927500048342}}]
}
,
{ 
{75.03250244499412247,76.02631033499407920},
box[{
{75.03250244499406563,76.02631033499413604}, 
{0.00000357769851344,4.44444757493959486}, 
{-4.47213505500123087,-3.47832716500042860}}]
}
,
{ 
{76.02631123499408261,76.02631123499408261},
pped[
{ 
76.02631123499408261, 
0.00000000000549623, 
4.47213595499835037
},
{ 
{1.00000000000000000, 0.00000000000000000, 0.00000000000000000},
{0.00000000000000000, -0.97309817203853122, -0.23039085827190711},
{0.00000000000000000, 0.23039085827191289, -0.97309817203853266}
},
{
{-0.00000000000005951,0.00000000000005951}, 
{-0.00000000000231603,0.00000000000231603}, 
{-0.00000000000005259,0.00000000000005259}
}
]
}
,
{ 
{76.02631123499408261,77.02011912499403934},
box[{
{76.02631123499401156,77.02011912499411039}, 
{0.00000000000264871,4.44444399723819750}, 
{3.47832806499780833,4.47213595499893568}}]
}
,
{ 
{77.02011912499402513,78.01392701499399607},
box[{
{77.02011912499395407,78.01392701499406712}, 
{3.45678987500575197,7.90123387224246443}, 
{2.48452017499785160,3.47832806499897940}}]
}
,
{ 
{78.01392701499398186,79.00773490499395280},
box[{
{78.01392701499391080,79.00773490499402385}, 
{5.92592562778268928,10.37036962502056880}, 
{1.49071228499789488,2.48452017499902267}}]
}
,
{ 
{79.00773490499395280,80.00154279499390952},
box[{
{79.00773490499388174,80.00154279499398058}, 
{7.40740725833346225,11.85185125557250174}, 
{0.49690439499793859,1.49071228499906550}}]
}
,
{ 
{80.00154279499389531,80.99535068499386625},
box[{
{80.00154279499382426,80.99535068499393731}, 
{7.90123476665806734,12.34567876389827390}, 
{-0.49690349500201858,0.49690439499910921}}]
}
,
{ 
{80.99535068499386625,81.98915857499382298},
box[{
{80.99535068499379520,81.98915857499389404}, 
{7.40740815275650810,11.85185214999787640}, 
{-1.49071138500197531,-0.49690349500084796}}]
}
,
{ 
{81.98915857499382298,82.98296646499377971},
box[{
{81.98915857499375193,82.98296646499385076}, 
{5.92592741662878186,10.37037141387131278}, 
{-2.48451927500193204,-1.49071138500080469}}]
}
,
{ 
{82.98296646499377971,83.97677435499373644},
box[{
{82.98296646499370866,83.97677435499380749}, 
{3.45679255827489307,7.90123655551858217}, 
{-3.47832716500188788,-2.48451927500076142}}]
}
,
{ 
{83.97677435499372223,84.97058224499369317},
box[{
{83.97677435499365117,84.97058224499376422}, 
{0.00000357769483204,4.44444757493969167}, 
{-4.47213505500184549,-3.47832716500071726}}]
}
,
{ 
{84.97058314499369658,84.97058314499369658},
pped[
{ 
84.97058314499369658, 
0.00000000000753389, 
4.47213595499789474
},
{ 
{1.00000000000000000, 0.00000000000000000, 0.00000000000000000},
{0.00000000000000000, -0.97339948719933356, -0.22911446554085646},
{0.00000000000000000, 0.22911446554086057, -0.97339948719933445}
},
{
{-0.00000000000007372,0.00000000000007372}, 
{-0.00000000000311805,0.00000000000311805}, 
{-0.00000000000006304,0.00000000000006304}
}
]
}
,
{ 
{84.97058314499369658,85.96439103499366752},
box[{
{84.97058314499361131,85.96439103499375278}, 
{0.00000000000371288,4.44444399724080519}, 
{3.47832806499715064,4.47213595499867100}}]
}
,
{ 
{85.96439103499365331,86.95819892499363846},
box[{
{85.96439103499356804,86.95819892499372372}, 
{3.45678987500620138,7.90123387224483764}, 
{2.48452017499718281,3.47832806499870317}}]
}
,
{ 
{86.95819892499362425,87.95200681499360940},
box[{
{86.95819892499353898,87.95200681499369466}, 
{5.92592562778250098,10.37036962502268267}, 
{1.49071228499721498,2.48452017499873534}}]
}
,
{ 
{87.95200681499359519,88.94581470499358034},
box[{
{87.95200681499350992,88.94581470499366560}, 
{7.40740725833261493,11.85185125557433850}, 
{0.49690439499724715,1.49071228499876751}}]
}
,
{ 
{88.94581470499356612,89.93962259499353706},
box[{
{88.94581470499348086,89.93962259499362233}, 
{7.90123476665653879,12.34567876389980867}, 
{-0.49690349500272113,0.49690439499879968}}]
}
,
{ 
{89.93962259499352285,90.93343048499350800},
box[{
{89.93962259499343759,90.93343048499359327}, 
{7.40740815275427611,11.85185214999908432}, 
{-1.49071138500268852,-0.49690349500116859}}]
}
,
{ 
{90.93343048499349379,91.92723837499347894},
box[{
{90.93343048499340853,91.92723837499356421}, 
{5.92592741662582334,10.37037141387217787}, 
{-2.48451927500265679,-1.49071138500113598}}]
}
,
{ 
{91.92723837499346473,92.92104626499344988},
box[{
{91.92723837499337947,92.92104626499353515}, 
{3.45679255827118537,7.90123655551907778}, 
{-3.47832716500262418,-2.48451927500110425}}]
}
,
{ 
{92.92104626499343567,93.91485415499342082},
box[{
{92.92104626499335041,93.91485415499350609}, 
{0.00000357769035299,4.44444757493979470}, 
{-4.47213505500259334,-3.47832716500107164}}]
}
,
{ 
{93.91485505499341002,93.91485505499341002},
pped[
{ 
93.91485505499341002, 
0.00000000001000848, 
4.47213595499734140
},
{ 
{1.00000000000000000, 0.00000000000000000, 0.00000000000000000},
{0.00000000000000000, -0.97364231816141045, -0.22808032858023827},
{0.00000000000000000, 0.22808032858024835, -0.97364231816141289}
},
{
{-0.00000000000008793,0.00000000000008793}, 
{-0.00000000000407391,0.00000000000407391}, 
{-0.00000000000007298,0.00000000000007298}
}
]
}
,
{ 
{93.91485505499341002,94.90866294499339517},
box[{
{93.91485505499331055,94.90866294499349465}, 
{0.00000000000503052,4.44444399724393868}, 
{3.47832806499636060,4.47213595499834238}}]
}
,
{ 
{94.90866294499338096,95.90247083499338032},
box[{
{94.90866294499328149,95.90247083499347980}, 
{3.45678987500677470,7.90123387224767360}, 
{2.48452017499638123,3.47832806499836300}}]
}
,
{ 
{95.90247083499336611,96.89627872499335126},
box[{
{95.90247083499326664,96.89627872499345074}, 
{5.92592562778230825,10.37036962502519977}, 
{1.49071228499640185,2.48452017499838362}}]
}
,
{ 
{96.89627872499333705,97.89008661499333641},
box[{
{96.89627872499323757,97.89008661499343589}, 
{7.40740725833162994,11.85185125557651098}, 
{0.49690439499642247,1.49071228499840380}}]
}
,
{ 
{97.89008661499332220,98.88389450499332156},
box[{
{97.89008661499322272,98.88389450499342104}, 
{7.90123476665473934,12.34567876390161345}, 
{-0.49690349500355779,0.49690439499842443}}]
}
,
{ 
{98.88389450499330735,99.87770239499329250},
box[{
{98.88389450499320787,99.87770239499339198}, 
{7.40740815275164177,11.85185215000049830}, 
{-1.49071138500353673,-0.49690349500155584}}]
}
,
{ 
{99.87770239499327829,100.87151028499327765},
box[{
{99.87770239499317881,100.87151028499337713}, 
{5.92592741662232747,10.37037141387317796}, 
{-2.48451927500351655,-1.49071138500153477}}]
}
,
{ 
{100.87151028499326344,101.86531817499324859},
box[{
{100.87151028499316396,101.86531817499334807}, 
{3.45679255826680709,7.90123655551963999}, 
{-3.47832716500349548,-2.48451927500151459}}]
}
,
{ 
{101.86531817499323438,102.85912606499323374},
box[{
{101.86531817499313490,102.85912606499333322}, 
{0.00000357768506820,4.44444757493989773}, 
{-4.47213505500347619,-3.47832716500149353}}]
}
,
{ 
{102.85912696499323715,102.85912696499323715},
pped[
{ 
102.85912696499323715, 
0.00000000001299944, 
4.47213595499667260
},
{ 
{1.00000000000000000, 0.00000000000000000, 0.00000000000000000},
{0.00000000000000000, -0.97384217966417097, -0.22722545875612510},
{0.00000000000000000, 0.22722545875613478, -0.97384217966417341}
},
{
{-0.00000000000010214,0.00000000000010214}, 
{-0.00000000000518292,0.00000000000518292}, 
{-0.00000000000008256,0.00000000000008256}
}
]
}
,
{ 
{102.85912696499323715,103.85293485499323651},
box[{
{102.85912696499312347,103.85293485499335020}, 
{0.00000000000668258,4.44444399724764860}, 
{3.47832806499542446,4.47213595499793115}}]
}
,
{ 
{103.85293485499322230,104.84674274499322166},
box[{
{103.85293485499310862,104.84674274499333535}, 
{3.45678987500753099,7.90123387225099982}, 
{2.48452017499543532,3.47832806499794200}}]
}
,
{ 
{104.84674274499320745,105.84055063499320681},
box[{
{104.84674274499309377,105.84055063499332050}, 
{5.92592562778214749,10.37036962502812187}, 
{1.49071228499544572,2.48452017499795241}}]
}
,
{ 
{105.84055063499319260,106.83435852499320617},
box[{
{105.84055063499307892,106.83435852499331986}, 
{7.40740725833053659,11.85185125557900854}, 
{0.49690439499545658,1.49071228499796282}}]
}
,
{ 
{106.83435852499319196,107.82816641499319132},
box[{
{106.83435852499307828,107.82816641499330501}, 
{7.90123476665269031,12.34567876390366692}, 
{-0.49690349500453301,0.49690439499797368}}]
}
,
{ 
{107.82816641499317711,108.82197430499317647},
box[{
{107.82816641499306343,108.82197430499329016}, 
{7.40740815274861575,11.85185215000209347}, 
{-1.49071138500452260,-0.49690349500201592}}]
}
,
{ 
{108.82197430499316226,109.81578219499317584},
box[{
{108.82197430499304858,109.81578219499328952}, 
{5.92592741661830846,10.37037141387428640}, 
{-2.48451927500451220,-1.49071138500200551}}]
}
,
{ 
{109.81578219499316162,110.80959008499316099},
box[{
{109.81578219499304794,110.80959008499327467}, 
{3.45679255826177423,7.90123655552024839}, 
{-3.47832716500450090,-2.48451927500199510}}]
}
,
{ 
{110.80959008499314677,111.80339797499314614},
box[{
{110.80959008499303309,111.80339797499325982}, 
{0.00000357767900211,4.44444757493998477}, 
{-4.47213505500449138,-3.47832716500198380}}]
}
,
{ 
{111.80339887499314955,111.80339887499314955},
pped[
{ 
111.80339887499314955, 
0.00000000001636377, 
4.47213595499592032
},
{ 
{1.00000000000000000, 0.00000000000000000, 0.00000000000000000},
{0.00000000000000000, -0.97400954627557268, -0.22650696184455518},
{0.00000000000000000, 0.22650696184455923, -0.97400954627557368}
},
{
{-0.00000000000011635,0.00000000000011635}, 
{-0.00000000000644450,0.00000000000644450}, 
{-0.00000000000009185,0.00000000000009185}
}
]
}
,
{ 
{111.80339887499314955,112.79720676499316312},
box[{
{111.80339887499302165,112.79720676499329102}, 
{0.00000000000852569,4.44444399725183725}, 
{3.47832806499436931,4.47213595499747019}}]
}
,
{ 
{112.79720676499314891,113.79101465499316248},
box[{
{112.79720676499302101,113.79101465499329038}, 
{3.45678987500836543,7.90123387225476037}, 
{2.48452017499436817,3.47832806499746949}}]
}
,
{ 
{113.79101465499314827,114.78482254499316184},
box[{
{113.79101465499302037,114.78482254499328974}, 
{5.92592562778195031,10.37036962503142945}, 
{1.49071228499436703,2.48452017499746836}}]
}
,
{ 
{114.78482254499314763,115.77863043499316120},
box[{
{114.78482254499301973,115.77863043499328910}, 
{7.40740725832928337,11.85185125558183827}, 
{0.49690439499436634,1.49071228499746677}}]
}
,
{ 
{115.77863043499314699,116.77243832499316056},
box[{
{115.77863043499301909,116.77243832499328846}, 
{7.90123476665036062,12.34567876390600105}, 
{-0.49690349500563524,0.49690439499746608}}]
}
,
{ 
{116.77243832499314635,117.76624621499315992},
box[{
{116.77243832499301845,117.76624621499328782}, 
{7.40740815274518560,11.85185215000390180}, 
{-1.49071138500563638,-0.49690349500253550}}]
}
,
{ 
{117.76624621499314571,118.76005410499315929},
box[{
{117.76624621499301782,118.76005410499328718}, 
{5.92592741661375388,10.37037141387555472}, 
{-2.48451927500563752,-1.49071138500253664}}]
}
,
{ 
{118.76005410499314507,119.75386199499315865},
box[{
{118.76005410499301718,119.75386199499328654}, 
{3.45679255825607301,7.90123655552094650}, 
{-3.47832716500563777,-2.48451927500253777}}]
}
,
{ 
{119.75386199499314444,120.74766988499317222},
box[{
{119.75386199499301654,120.74766988499330012}, 
{0.00000357767213142,4.44444757494009224}, 
{-4.47213505500563979,-3.47832716500253802}}]
}
,
{ 
{120.74767078499316142,120.74767078499316142},
pped[
{ 
120.74767078499316142, 
0.00000000002018091, 
4.47213595499506678
},
{ 
{1.00000000000000000, 0.00000000000000000, 0.00000000000000000},
{0.00000000000000000, -0.97415174483954525, -0.22589461708076647},
{0.00000000000000000, 0.22589461708077307, -0.97415174483954670}
},
{
{-0.00000000000013056,0.00000000000013056}, 
{-0.00000000000785816,0.00000000000785816}, 
{-0.00000000000010092,0.00000000000010092}
}
]
}
,
{ 
{120.74767078499316142,121.74147867499317499},
box[{
{120.74767078499301931,121.74147867499331710}, 
{0.00000000001064062,4.44444399725656059}, 
{3.47832806499318004,4.47213595499694083}}]
}
,
{ 
{121.74147867499316078,122.73528656499318856},
box[{
{121.74147867499301867,122.73528656499333067}, 
{3.45678987500933843,7.90123387225898455}, 
{2.48452017499316780,3.47832806499692859}}]
}
,
{ 
{122.73528656499317435,123.72909445499320213},
box[{
{122.73528656499303224,123.72909445499334424}, 
{5.92592562778175846,10.37036962503513315}, 
{1.49071228499315511,2.48452017499691591}}]
}
,
{ 
{123.72909445499318792,124.72290234499321571},
box[{
{123.72909445499304582,124.72290234499335781}, 
{7.40740725832790492,11.85185125558500197}, 
{0.49690439499314287,1.49071228499690323}}]
}
,
{ 
{124.72290234499320150,125.71671023499322928},
box[{
{124.72290234499305939,125.71671023499337139}, 
{7.90123476664777158,12.34567876390859453}, 
{-0.49690349500686981,0.49690439499689099}}]
}
,
{ 
{125.71671023499321507,126.71051812499324285},
box[{
{125.71671023499307296,126.71051812499338496}, 
{7.40740815274136288,11.85185215000591086}, 
{-1.49071138500688249,-0.49690349500312170}}]
}
,
{ 
{126.71051812499322864,127.70432601499325642},
box[{
{126.71051812499308653,127.70432601499339853}, 
{5.92592741660867617,10.37037141387694916}, 
{-2.48451927500689518,-1.49071138500313438}}]
}
,
{ 
{127.70432601499324221,128.69813390499328420},
box[{
{127.70432601499310010,128.69813390499342631}, 
{3.45679255824971721,7.90123655552170856}, 
{-3.47832716500690697,-2.48451927500314707}}]
}
,
{ 
{128.69813390499325578,129.69194179499328357},
box[{
{128.69813390499311367,129.69194179499342567}, 
{0.00000357766447333,4.44444757494019704}, 
{-4.47213505500692055,-3.47832716500315886}}]
}
,
{ 
{129.69194269499328698,129.69194269499328698},
pped[
{ 
129.69194269499328698, 
0.00000000002446676, 
4.47213595499410843
},
{ 
{1.00000000000000000, 0.00000000000000000, 0.00000000000000000},
{0.00000000000000000, -0.97427405399124745, -0.22536651863011375},
{0.00000000000000000, 0.22536651863011828, -0.97427405399124856}
},
{
{-0.00000000000015898,0.00000000000015898}, 
{-0.00000000000945607,0.00000000000945607}, 
{-0.00000000000012390,0.00000000000012390}
}
]
}
,
{ 
{129.69194269499328698,130.68575058499334318},
box[{
{129.69194269499311645,130.68575058499351371}, 
{0.00000000001298756,4.44444399726190742}, 
{3.47832806499182690,4.47213595499636085}}]
}
,
{ 
{130.68575058499331476,131.67955847499337096},
box[{
{130.68575058499314423,131.67955847499354149}, 
{3.45678987501039803,7.90123387226379581}, 
{2.48452017499179778,3.47832806499633218}}]
}
,
{ 
{131.67955847499334254,132.67336636499339875},
box[{
{131.67955847499317201,132.67336636499356928}, 
{5.92592562778149823,10.37036962503937687}, 
{1.49071228499176867,2.48452017499630307}}]
}
,
{ 
{132.67336636499337033,133.66717425499342653},
box[{
{132.67336636499319980,133.66717425499359706}, 
{7.40740725832629110,11.85185125558864350}, 
{0.49690439499173999,1.49071228499627351}}]
}
,
{ 
{133.66717425499339811,134.66098214499345431},
box[{
{133.66717425499322758,134.66098214499362484}, 
{7.90123476664477309,12.34567876391160368}, 
{-0.49690349500828912,0.49690439499624484}}]
}
,
{ 
{134.66098214499342589,135.65479003499348210},
box[{
{134.66098214499325536,135.65479003499365263}, 
{7.40740815273694508,11.85185215000825210}, 
{-1.49071138500831868,-0.49690349500378428}}]
}
,
{ 
{135.65479003499345367,136.64859792499350988},
box[{
{135.65479003499328314,136.64859792499368041}, 
{5.92592741660280797,10.37037141387859052}, 
{-2.48451927500834735,-1.49071138500381384}}]
}
,
{ 
{136.64859792499348146,137.64240581499353766},
box[{
{136.64859792499331093,137.64240581499370819}, 
{3.45679255824236176,7.90123655552261894}, 
{-3.47832716500837602,-2.48451927500384251}}]
}
,
{ 
{137.64240581499350924,138.63621370499356544},
box[{
{137.64240581499333871,138.63621370499373597}, 
{0.00000357765559966,4.44444757494034093}, 
{-4.47213505500840647,-3.47832716500387118}}]
}
,
{ 
{138.63621460499356886,138.63621460499356886},
pped[
{ 
138.63621460499356886, 
0.00000000002955496, 
4.47213595499297067
},
{ 
{1.00000000000000000, 0.00000000000000000, 0.00000000000000000},
{0.00000000000000000, -0.97438037297743263, -0.22490639998976553},
{0.00000000000000000, 0.22490639998977080, -0.97438037297743396}
},
{
{-0.00000000000018741,0.00000000000018741}, 
{-0.00000000001133981,0.00000000001133981}, 
{-0.00000000000014582,0.00000000000014582}
}
]
}
,
{ 
{138.63621460499356886,139.63002249499362506},
box[{
{138.63621460499336990,139.63002249499382401}, 
{0.00000000001579660,4.44444399726821970}, 
{3.47832806499023128,4.47213595499566363}}]
}
,
{ 
{139.63002249499359664,140.62383038499368126},
box[{
{139.63002249499339769,140.62383038499388022}, 
{3.45678987501168100,7.90123387226945884}, 
{2.48452017499018529,3.47832806499561764}}]
}
,
{ 
{140.62383038499365284,141.61763827499370905},
box[{
{140.62383038499345389,141.61763827499390800}, 
{5.92592562778122200,10.37036962504435422}, 
{1.49071228499013886,2.48452017499557121}}]
}
,
{ 
{141.61763827499368062,142.61144616499376525},
box[{
{141.61763827499348167,142.61144616499396420}, 
{7.40740725832441971,11.85185125559290498}, 
{0.49690439499009287,1.49071228499552477}}]
}
,
{ 
{142.61144616499373683,143.60525405499382146},
box[{
{142.61144616499353788,143.60525405499402041}, 
{7.90123476664127278,12.34567876391511021}, 
{-0.49690349500995357,0.49690439499547878}}]
}
,
{ 
{143.60525405499379303,144.59906194499384924},
box[{
{143.60525405499359408,144.59906194499404819}, 
{7.40740815273178299,11.85185215001097347}, 
{-1.49071138501000000,-0.49690349500456765}}]
}
,
{ 
{144.59906194499382082,145.59286983499390544},
box[{
{144.59906194499362186,145.59286983499410439}, 
{5.92592741659594768,10.37037141388048944}, 
{-2.48451927501004644,-1.49071138500461409}}]
}
,
{ 
{145.59286983499387702,146.58667772499396165},
box[{
{145.59286983499367807,146.58667772499416060}, 
{3.45679255823377218,7.90123655552366166}, 
{-3.47832716501009198,-2.48451927500466052}}]
}
,
{ 
{146.58667772499393323,147.58048561499398943},
box[{
{146.58667772499373427,147.58048561499418838}, 
{0.00000357764524619,4.44444757494049547}, 
{-4.47213505501013930,-3.47832716500470607}}]
}
,
{ 
{147.58048651499399284,147.58048651499399284},
pped[
{ 
147.58048651499399284, 
0.00000000003527075, 
4.47213595499169259
},
{ 
{1.00000000000000000, 0.00000000000000000, 0.00000000000000000},
{0.00000000000000000, -0.97447364451365504, -0.22450192905245023},
{0.00000000000000000, 0.22450192905245603, -0.97447364451365659}
},
{
{-0.00000000000021583,0.00000000000021583}, 
{-0.00000000001350878,0.00000000001350878}, 
{-0.00000000000016687,0.00000000000016687}
}
]
}
,
{ 
{147.58048651499399284,148.57429440499407747},
box[{
{147.58048651499376547,148.57429440499430484}, 
{0.00000000001889346,4.44444399727538553}, 
{3.47832806498842828,4.47213595499488825}}]
}
,
{ 
{148.57429440499404905,149.56810229499413367},
box[{
{148.57429440499382167,149.56810229499436105}, 
{3.45678987501306390,7.90123387227590879}, 
{2.48452017498835964,3.47832806499482006}}]
}
,
{ 
{149.56810229499410525,150.56191018499421830},
box[{
{149.56810229499387788,150.56191018499444567}, 
{5.92592562778084631,10.37036962505004567}, 
{1.49071228498829100,2.48452017499475142}}]
}
,
{ 
{150.56191018499418988,151.55571807499427450},
box[{
{150.56191018499396250,151.55571807499450188}, 
{7.40740725832224101,11.85185125559778996}, 
{0.49690439498822281,1.49071228499468234}}]
}
,
{ 
{151.55571807499424608,152.54952596499435913},
box[{
{151.55571807499401871,152.54952596499458650}, 
{7.90123476663724578,12.34567876391915142}, 
{-0.49690349501184627,0.49690439499461414}}]
}
,
{ 
{152.54952596499433071,153.54333385499441533},
box[{
{152.54952596499410333,153.54333385499464271}, 
{7.40740815272586506,11.85185215001411763}, 
{-1.49071138501191491,-0.49690349500545494}}]
}
,
{ 
{153.54333385499438691,154.53714174499449996},
box[{
{153.54333385499415954,154.53714174499472733}, 
{5.92592741658809352,10.37037141388269745}, 
{-2.48451927501198355,-1.49071138500552358}}]
}
,
{ 
{154.53714174499447154,155.53094963499455616},
box[{
{154.53714174499424416,155.53094963499478354}, 
{3.45679255822393738,7.90123655552488913}, 
{-3.47832716501205130,-2.48451927500559222}}]
}
,
{ 
{155.53094963499452774,156.52475752499461237},
box[{
{155.53094963499430037,156.52475752499483974}, 
{0.00000357763338694,4.44444757494069620}, 
{-4.47213505501212083,-3.47832716500565997}}]
}
,
{ 
{156.52475842499461578,156.52475842499461578},
pped[
{ 
156.52475842499461578, 
0.00000000004188422, 
4.47213595499021377
},
{ 
{1.00000000000000000, 0.00000000000000000, 0.00000000000000000},
{0.00000000000000000, -0.97455613109793904, -0.22414358643381316},
{0.00000000000000000, 0.22414358643382132, -0.97455613109794115}
},
{
{-0.00000000000024425,0.00000000000024425}, 
{-0.00000000001596249,0.00000000001596249}, 
{-0.00000000000018720,0.00000000000018720}
}
]
}
,
{ 
{156.52475842499461578,157.51856631499472883},
box[{
{156.52475842499435998,157.51856631499498462}, 
{0.00000000002254865,4.44444399728357986}, 
{3.47832806498636371,4.47213595499397432}}]
}
,
{ 
{157.51856631499470041,158.51237420499481345},
box[{
